
N1=5549;
%L=40:
L=10;
j=1;
%y =y1;
%t = 0:0.0001:0.008;
%y =5*sin(2*pi*50*t)+10*sin(2*2*pi*50*t)+12*sin(3*2*pi*50*t)+20*sin(5*2*pi*50*t);
%T=0.00025;
T=0.08;
y111=[5762,761,764,677,490,348,209,102,14,24,9,9,8,21,7,8,11,24,9,9,8,21,8,8,11,24,9,9,8,22,12,11,12,32,31,42,51,79,82,95,122,142,145,155,176,186,184,192,213,225,220,226,244,252,246,251,269,278,270,274,287,295,286,285,304,311,304,307,321,325,316,313,326,332,322,323,339,348,345,350,370,378,372,379,402,412,409,415,436,447,442,445,458,458,444,441,455,460,447,445,455,454,439,433,445,447,432,429,440,440,427,423,435,439,425,423,434,435,423,420,435,439,427,426,440,447,442,446,467,476,471,477,496,505,500,506,528,538,530,530,543,543,530,526,540,543,529,526,538,537,522,516,528,529,512,507,516,514,497,492,504,506,491,486,495,494,478,472,484,484,468,465,480,485,477,480,501,510,503,507,528,538,533,540,563,561,564,566,580,569,565,563,578,567,564,559,570,556,551,545,556,543,536,530,539,523,516,509,521,506,502,495,504,491,485,480,495,482,479,477,493,487,490,493,515,510,516,522,543,541,547,553,577,572,575,573,585,572,568,565,578,565,559,553,563,547,540,533,544,527,521,514,524,507,501,495,507,493,488,482,492,477,469,464,478,468,471,474,492,483,485,488,511,506,512,517,538,532,534,536,553,539,535,531,541,526,520,515,528,513,508,502,511,495,489,496,496,481,476,482,478,462,455,463,464,449,444,451,450,434,430,440,442,428,427,442,451,446,449,468,478,472,477,495,505,501,506,525,534,525,524,534,534,521,517,529,531,517,513,522,520,505,499,509,512,495,491,502,499,484,478,489,490,475,471,481,479,464,459,468,467,450,446,456,459,452,456,475,483,475,478,495,503,497,500,520,529,520,521,535,536,522,519,534,537,523,520,531,531,516,511,524,525,509,505,516,514,498,493,506,507,490,486,496,493,477,471,482,481,465,461,474,483,479,481,502,510,503,508,527,536,529,535,556,563,553,553,564,563,550,544,556,557,544,544,549,545,528,523,536,525,518,511,519,505,501,501,508,492,490,485,495,479,479,474,485,469,456,451,453,436,431,430,444,434,440,451,478,476,481,492,518,520,523,538,565,569,577,587,609,601,600,601,617,608,611,607,623,606,598,595,607,590,584,576,590,574,571,563,569,553,542,533,545,524,519,510,517,501,491,485,496,478,478,486,506,502,505,512,539,539,549,560,586,586,594,603,628,617,618,616,630,618,608,607,624,608,606,600,611,596,589,583,597,578,575,566,574,557,547,554,555,539,534,540,539,522,516,519,518,505,510,532,541,543,548,572,590,588,602,623,638,640,646,666,675,665,666,680,678,668,660,671,671,652,642,641,633,613,606,608,606,583,574,581,573,552,539,544,544,522,509,511,505,484,474,483,483,462,452,456,452,440,443,469,487,487,499,524,542,550,561,591,610,610,618,639,644,634,636,648,655,640,638,648,646,625,621,627,623,604,597,599,595,571,562,571,564,547,534,539,532,509,499,506,501,480,472,476,470,453,452,475,484,482,491,513,525,524,535,564,580,579,589,611,618,608,610,628,627,612,606,616,612,593,586,593,588,570,564,571,567,549,541,553,538,531,526,532,514,505,497,508,490,483,472,477,458,451,440,455,450,460,471,497,494,500,511,539,543,554,565,590,590,595,602,623,611,609,606,615,600,594,589,601,583,576,568,574,555,545,537,547,528,520,512,520,503,491,485,494,476,468,461,465,448,436,428,438,422,414,406,411,392,382,375,392,388,398,412,440,444,457,476,505,508,522,533,559,557,562,567,586,574,575,573,585,570,562,560,572,556,548,541,549,531,518,511,523,505,497,489,495,473,463,466,462,442,437,438,431,411,402,406,409,398,405,429,440,439,450,473,492,498,509,536,549,547,553,577,581,570,565,576,578,562,560,567,567,549,543,549,544,523,512,518,514,494,486,488,483,460,449,453,451,429,419,425,420,401,391,398,399,388,395,419,434,434,441,468,487,491,504,534,548,551,561,581,591,582,579,593,596,581,577,589,588,571,564,572,568,553,542,548,542,518,507,510,503,482,470,479,475,454,445,449,443,422,413,426,433,429,438,460,470,468,478,508,526,530,544,571,584,578,581,600,602,590,588,599,597,580,576,587,587,564,552,556,547,522,513,521,515,492,483,489,481,458,449,460,444,438,428,436,419,411,405,415,403,399,400,419,420,430,441,470,476,489,504,533,537,548,561,590,590,595,595,608,595,594,592,608,595,590,581,588,568,559,550,558,539,531,523,525,504,492,481,490,472,463,450,458,442,432,423,434,413,408,400,416,413,419,427,456,458,471,483,513,518,533,549,583,584,592,592,607,592,587,585,595,578,572,564,572,553,543,534,545,524,513,503,508,488,477,469,481,462,455,450,455,439,429,422,435,414,406,397,409,402,411,436,452,452,465,491,510,514,529,559,580,583,595,614,620,603,602,611,615,599,596,600,598,577,568,578,575,556,550,550,542,521,512,518,516,499,491,494,487,467,456,464,463,443,437,440,437,418,411,418,421,402,396,404,404,388,382,393,399,393,406,436,454,455,465,493,516,518,537,564,580,581,592,618,627,618,616,631,630,615,607,619,621,603,597,600,594,570,562,566,562,538,527,529,521,499,488,495,492,469,462,465,457,436,426,432,428,406,397,403,396,380,368,376,373,355,348,355,354,348,358,385,402,400,410,435,453,455,473,505,526,528,540,564,573,563,565,579,579,565,562,572,571,552,545,555,538,535,525,530,513,507,495,504,489,480,472,480,464,454,449,458,445,437,430,444,434,442,454,478,479,487,499,527,529,540,555,584,586,597,599,616,602,596,593,612,596,593,585,592,577,564,559,565,545,538,530,536,514,502,497,506,490,481,471,478,460,452,445,455,437,429,425,440,436,444,452,479,475,485,498,530,533,546,565,594,593,602,606,621,607,603,600,614,599,594,588,596,577,566,557,567,547,540,531,538,519,509,501,511,493,485,477,484,464,455,460,460,448,452,471,483,479,486,509,527,528,542,569,583,581,589,606,616,605,603,613,614,597,594,600,599,580,574,578,571,549,538,544,541,521,514,517,510,489,478,483,480,460,452,453,446,427,420,428,428,410,403,410,404,385,380,396,411,410,420,443,456,453,465,495,514,517,531,556,572,570,576,596,604,593,593,604,604,587,583,594,593,576,568,574,567,545,535,542,538,518,510,516,513,494,485,491,488,469,462,469,467,452,453,477,489,486,494,517,529,529,541,573,591,592,603,625,632,621,618,633,633,618,613,623,619,600,592,601,596,573,562,567,560,541,531,541,537,519,511,519,516,496,487,499,477,468,456,463,451,453,458,483,482,490,500,527,531,546,561,596,602,614,625,646,639,638,636,652,639,633,626,633,613,602,591,597,575,563,550,553,531,519,508,516,497,487,477,483,465,456,448,459,443,435,427,433,414,406,401,418,416,425,435,461,460,469,481,511,516,531,543,570,568,574,579,598,585,583,579,591,574,566,560,571,553,544,536,541,521,511,503,513,494,484,474,481,461,450,443,453,435,426,417,424,405,397,397,419,420,426,432,453,450,459,486,503,504,516,538,550,546,549,566,570,554,552,562,562,546,541,551,550,530,525,533,530,511,502,508,505,487,475,478,472,452,443,451,449,431,425,431,427,406,401,415,427,424,433,453,462,458,468,494,514,516,526,551,562,555,555,570,573,560,556,565,564,546,540,547,544,527,522,529,525,506,498,509,505,489,479,481,475,453,443,451,448,431,425,435,429,409,404,417,420,411,420,442,456,454,465,495,513,515,527,555,572,571,581,605,612,599,595,604,603,583,576,586,583,566,559,567,564,544,536,546,542,522,513,517,509,486,477,485,481,462,454,461,457,439,433,446,446,430,424,432,432,420,425,450,451,460,469,493,498,511,527,564,574,590,603,627,621,621,618,634,623,619,614,624,608,600,594,604,586,578,569,575,556,547,539,549,531,522,513,520,501,493,485,495,477,469,462,470,452,446,443,462,458,467,476,500,500,510,524,558,566,584,601,633,637,647,655,676,665,663,660,673,657,651,645,656,638,630,620,626,605,595,588,599,580,570,559,564,544,534,525,534,516,507,498,504,485,479,479,502,498,507,516,541,541,552,568,602,606,618,628,652,645,644,658,663,649,646,654,652,634,626,634,633,613,605,608,600,578,566,572,567,547,540,544,537,514,503,508,504,484,474,478,472,452,443,448,445,426,418,423,418,399,390,399,398,380,374,384,392,390,402,430,448,448,462,489,507,509,524,555,574,576,585,605,608,591,588,603,605,590,584,596,591,569,563,570,566,545,531,534,527,506,496,504,497,481,477,484,480,460,454,464,462,445,435,444,441,421,412,423,426,410,403,418,426,421,433,463,475,478,493,522,540,546,562,594,613,612,617,634,637,622,624,638,638,623,618,627,623,603,595,604,599,576,567,576,568,543,529,536,531,509,501,506,499,